          0.0          0.0          0.0          0.0          0.0          0.0          0.0          2.7          0.0         11.0
         70.8         33.2         19.2          0.0          0.0          0.0          0.0         90.9         90.9          0.0
         17.5         11.1          0.0         54.5          0.0          0.0         93.8          0.0          0.0         19.5
         19.9          0.0          0.0          0.0          0.0          0.0         14.0          0.0          0.0          0.0
         60.8          0.0         48.8          0.0          0.0          0.0          0.0          0.0          0.0          0.0
          0.0          0.0          6.1          0.0          0.0         85.9          0.0         87.8          0.0          0.0
         36.9          0.0          0.0          0.0         75.2          0.0          0.0          0.0         92.6          0.0
          0.0          0.0          0.0         71.2          0.0          0.6          0.0          0.0         41.7         64.8
          0.0          0.0         93.5         34.9          0.0          0.0          0.0         50.8         94.4         74.9
         37.0         90.0          0.0          0.0          0.0          0.0          0.0         12.1         47.5          0.0
