6.5283068E7 5.643866E7 1.27962232E8 2.6821732E7 4.9687192E7 9.841968E7 8.2901528E7 7.8621528E7 1.22815184E8 5.3219696E7 
3.8728632E7 2.5883102E7 7.3355344E7 9508547.0 2.7599964E7 4.5176812E7 4.022368E7 4.6903852E7 6.8489736E7 2.476134E7 
5.2945072E7 4.3347672E7 9.2180848E7 1.636526E7 4.9389724E7 7.8722376E7 6.8944216E7 6.4692112E7 9.684372E7 4.1179368E7 
2.5609652E7 1.8396704E7 6.4075148E7 9231663.0 3478653.0 2.9610192E7 1.834934E7 2.4426154E7 5.0347916E7 2.5068526E7 
5.918212E7 3.5750296E7 1.17063656E8 1.2864468E7 4.6797144E7 7.1622096E7 6.5027292E7 7.4234656E7 1.03407368E8 3.6652952E7 
4.9153404E7 4.2517912E7 8.909972E7 1.9052884E7 3.9990868E7 7.12572E7 6.237868E7 6.0366556E7 9.0719664E7 3.6727836E7 
5.4973936E7 4.2670108E7 1.095964E8 1.5103062E7 3.0430088E7 7.1930928E7 5.2676484E7 5.6110404E7 1.0494596E8 5.2224164E7 
1.4401746E7 1.4357398E7 2.6805958E7 5951104.0 7229846.0 2.0991736E7 1.4847944E7 1.3878044E7 2.881673E7 1.5457509E7 
1.9299612E7 1.9489804E7 4.312556E7 1.3896667E7 4499957.0 2.3525802E7 2.0644548E7 2.4439638E7 3.670024E7 1.1068587E7 
3.2784992E7 2.1413212E7 6.6435252E7 1.107655E7 2.9584204E7 4.3499404E7 4.3114292E7 4.625588E7 5.63616E7 1.5786251E7 
